0500 0000 4172 726f 736f 6972 0063 696d
6574 7265 0000 0000 0000 0000 0000 0000
0000 0000 0000 2041 0600 0000 646f 7562
6c65 5f64 6563 696d 6574 7265 0000 0000
0000 0000 0000 0000 0000 0000 0000 4040
0700 0000 4571 7565 7272 6500 6563 696d
6574 7265 0000 0000 0000 0000 0000 0000
0000 0000 0000 0040 0800 0000 466f 7565
7400 6500 6563 696d 6574 7265 0000 0000
0000 0000 0000 0000 0000 0000 0000 0040
0d0a 0000 0042 6172 6265 6375 6500 6369
6d65 7472 6500 0000 0000 0000 0000 0000
0000 0000 0000 0048 420c 0000 0043 6172
726f 7465 0000 6369 6d65 7472 6500 0000
0000 0000 0000 0000 0000 0000 0000 0080
3f